10.0 0.1
11.0 0.2
12.0 0.3
13.0 0.4
14.0 0.5
15.0 0.6
16.0 0.70000005
17.0 0.8000001
18.0 0.9000001
19.0 1.0000001
20.0 1.1000001
21.0 1.2000002
22.0 1.3000002
23.0 1.4000002
24.0 1.5000002
25.0 1.6000003
26.0 1.7000003
27.0 1.8000003
28.0 1.9000003
29.0 2.0000002
30.0 2.1000001
32.0 35.5
33.0 36.5
34.0 37.5
35.0 38.5
36.0 39.5
37.0 40.5
38.0 41.5
39.0 42.5
40.0 43.5
41.0 44.5
42.0 45.5
43.0 46.5
44.0 47.5
45.0 48.5
46.0 49.5
47.0 50.5
48.0 51.5
49.0 52.5
50.0 53.5
51.0 54.5
52.0 55.5
53.0 56.5
54.0 57.5
55.0 58.5
56.0 59.5